,,Q1_1,Q1_2,Q1_3,Q1_4,Q2_1,Q2_2,Q2_3,Q2_4,Q2_5,Q2_6,Q2_7,Q2_8,Q3_1,Q3_2,Q3_3,Q3_4,Q3_5,Q3_6,Q4_1,Q4_2,Q4_3,Q4_4,Q4_5,Q5_1,Q5_2,Q5_3,Q5_4,Q5_5,Q6,Q7_1,Q7_2,Q7_3,Q7_4,Q7_5,Q8,Q43_1,Q43_2,Q43_3,Q9_1,Q9_2,Q9_3,Q9_4,Q10,Q11_1,Q11_2,Q11_3,Q11_4,Q11_5,Q12,Q13_1,Q13_2,Q13_3,Q13_4,Q14,Q15_1,Q15_2,Q15_3,Q15_4,Q16,Q17_1,Q17_2,Q17_3,Q17_4,Q18_1,Q18_2,Q18_3,Q18_4,Q19_1,Q19_2,Q19_3,Q19_4,Q19_5,Q20_1,Q20_2,Q20_3,Q20_4,Q20_5,Q21,Q22,Q23,Q24,Q25
,,獲取媒體訊息 - 我知道如何使用搜尋工具從新媒體獲得所需的資訊。,獲取媒體訊息 - 我能夠適應新媒體的轉變（例如使用社交媒體的新功能）。,獲取媒體訊息 - 我能夠利用不同的媒體接收資訊。,獲取媒體訊息 - 我清楚知道媒體資訊的來源。,分析及理解媒體資訊 - 我會閱讀不同立場的資訊。,分析及理解媒體資訊 - 在理解資訊時，我不會只閱讀文章標題。,分析及理解媒體資訊 - 我會留意媒體發放資訊背後的目的。,分析及理解媒體資訊 - 我會反思自己在閱讀資料或參與討論時立場是否有偏頗。,分析及理解媒體資訊 - 我能夠辨別媒體資訊是否準確。,分析及理解媒體資訊 - 我能夠比較不同媒體的資訊。,分析及理解媒體資訊 - 我能以可信度、可靠性、公正性、普及程度等標準評估媒體資訊。,分析及理解媒體資訊 - 我會主動查證媒體發放的資訊。,意識及評估媒體的影響力 - 我明白資訊或會有誇大成分。,意識及評估媒體的影響力 - 我明白新聞報道可能只是事實的一部分。,意識及評估媒體的影響力 - 我能夠分析媒體內容對個人的影響。,意識及評估媒體的影響力 - 我能夠通過社交媒體影響他人的意見。,意識及評估媒體的影響力 - 我知道傳播假新聞可能造成的影響。,意識及評估媒體的影響力 - 我能夠保障自己免受閱讀新媒體資訊潛在的風險和後果影響。,應用及製造媒體資訊 - 我不會以「手動轉」的方式轉發消息。,應用及製造媒體資訊 - 我會與其他人討論某則新聞或消息。,應用及製造媒體資訊 - 我能夠綜合媒體資訊與我自己的意見。,應用及製造媒體資訊 - 我可以根據個人興趣和喜好評論或為媒體內容評分。,應用及製造媒體資訊 - 我能夠創作反映我的想法的內容。,假消息是指一些失實或錯誤訊息。以下問題關於你對假消息的認知和看法，每行只需選擇一個答案。 - 我留意到網上有假消息的流傳。,假消息是指一些失實或錯誤訊息。以下問題關於你對假消息的認知和看法，每行只需選擇一個答案。 - 我認為無論教育水平高低的人都有機會相信假消息。,假消息是指一些失實或錯誤訊息。以下問題關於你對假消息的認知和看法，每行只需選擇一個答案。 - 我不會輕易相信任何消息。,假消息是指一些失實或錯誤訊息。以下問題關於你對假消息的認知和看法，每行只需選擇一個答案。 - 我清楚發放假消息的人的目的。,假消息是指一些失實或錯誤訊息。以下問題關於你對假消息的認知和看法，每行只需選擇一個答案。 - 我會主動查證消息是否假新聞。,你一星期內通常接觸多少次假消息？,內容農場是指一些沒有原創內容的抄襲網站。以下問題關於你對內容農場的認知和看法，每行只需選擇一個答案。 - 我清楚了解內容農場背後的經營模式。,內容農場是指一些沒有原創內容的抄襲網站。以下問題關於你對內容農場的認知和看法，每行只需選擇一個答案。 - 我知道哪些網站是內容農場，並會避免瀏覽這些來源發佈的內容。,內容農場是指一些沒有原創內容的抄襲網站。以下問題關於你對內容農場的認知和看法，每行只需選擇一個答案。 - 我認為內容農場助長了假消息的傳播。,內容農場是指一些沒有原創內容的抄襲網站。以下問題關於你對內容農場的認知和看法，每行只需選擇一個答案。 - 我不會輕易相信農場資訊的內容。,內容農場是指一些沒有原創內容的抄襲網站。以下問題關於你對內容農場的認知和看法，每行只需選擇一個答案。 - 我認為內容農場對新聞媒體帶來負面影響。,事實查核（Fact-checking）專頁是指一些專門查證坊間流傳的新聞或者傳言的專頁，例子有求驗傳媒、事實查核實驗室、傳真社等。請問你有沒有讚好／追蹤事實查核專頁？,以下問題關於你使用事實查核專頁的頻率，每行只需選擇一個答案。 - 表達反應,以下問題關於你使用事實查核專頁的頻率，每行只需選擇一個答案。 - 分享,以下問題關於你使用事實查核專頁的頻率，每行只需選擇一個答案。 - 留言,新聞消費是指接收及使用新聞資訊 。以下問題是有關你在不同媒介上的新聞消費頻率，每行只需選擇一個答案。 - 報紙,新聞消費是指接收及使用新聞資訊 。以下問題是有關你在不同媒介上的新聞消費頻率，每行只需選擇一個答案。 - 電台廣播,新聞消費是指接收及使用新聞資訊 。以下問題是有關你在不同媒介上的新聞消費頻率，每行只需選擇一個答案。 - 電視,新聞消費是指接收及使用新聞資訊 。以下問題是有關你在不同媒介上的新聞消費頻率，每行只需選擇一個答案。 - 新聞網頁／應用程式,你有沒有使用社交媒體消費新聞？,你有多經常從以下的社交媒體平台上閱覽新聞報導？ - Facebook,你有多經常從以下的社交媒體平台上閱覽新聞報導？ - Instagram,你有多經常從以下的社交媒體平台上閱覽新聞報導？ - Youtube,你有多經常從以下的社交媒體平台上閱覽新聞報導？ - LIHKG,你有多經常從以下的社交媒體平台上閱覽新聞報導？ - Twitter,傳統媒體專頁是指由紙媒、電台、電視台營運的專頁，例子有明報、蘋果日報、文匯報、香港電台、有線新聞等等。請問你有沒有讚好／追蹤傳統媒體專頁？,以下問題是有關你在透過傳統媒體專頁消費新聞的頻率，請根據你平常的使用行為作答，每行只需選擇一個答案。 - 表達反應 （即在帖子留下「讚好」、「愛心」、「哇」、「哈哈」、「難過」、「生氣」）,以下問題是有關你在透過傳統媒體專頁消費新聞的頻率，請根據你平常的使用行為作答，每行只需選擇一個答案。 - 分享,以下問題是有關你在透過傳統媒體專頁消費新聞的頻率，請根據你平常的使用行為作答，每行只需選擇一個答案。 - 留言,以下問題是有關你在透過傳統媒體專頁消費新聞的頻率，請根據你平常的使用行為作答，每行只需選擇一個答案。 - 分享時加入個人意見,"網絡媒體專頁是指由非傳統新聞機構營運的專頁，例子有立場新聞、輔仁網、香港獨立媒體網等。
請問你有沒有讚好／追蹤網絡媒體專頁？",以下問題是有關你在透過網絡媒體專頁消費新聞的頻率，請根據你平常的使用行為作答，每行只需選擇一個答案。 - 表達反應 （即在帖子留下「讚好」、「愛心」、「哇」、「哈哈」、「難過」、「生氣」）,以下問題是有關你在透過網絡媒體專頁消費新聞的頻率，請根據你平常的使用行為作答，每行只需選擇一個答案。 - 分享,以下問題是有關你在透過網絡媒體專頁消費新聞的頻率，請根據你平常的使用行為作答，每行只需選擇一個答案。 - 留言,以下問題是有關你在透過網絡媒體專頁消費新聞的頻率，請根據你平常的使用行為作答，每行只需選擇一個答案。 - 分享時加入個人意見,政府官方專頁是指由政府部門營運，用於發放及公布消息的專頁，例子有政府新聞網、衞生署衞生防護中心等）。請問你有沒有讚好／追蹤政府官方專頁？,以下問題是有關你在透過政府官方專頁消費新聞的頻率，請根據你平常的使用行為作答，每行只需選擇一個答案。 - 表達反應，即在帖子留下「讚好」、「愛心」、「哇」、「哈哈」、「難過」、「生氣」,以下問題是有關你在透過政府官方專頁消費新聞的頻率，請根據你平常的使用行為作答，每行只需選擇一個答案。 - 分享,以下問題是有關你在透過政府官方專頁消費新聞的頻率，請根據你平常的使用行為作答，每行只需選擇一個答案。 - 留言？,以下問題是有關你在透過政府官方專頁消費新聞的頻率，請根據你平常的使用行為作答，每行只需選擇一個答案。 - 分享時加入個人意見,以下問題是有關你在透過朋友/家人分享或轉載的消費新聞的頻率，請根據你平常的使用行為作答，每行只需選擇一個答案。 - 表達反應，即在帖子留下「讚好」、「愛心」、「哇」、「哈哈」、「難過」、「生氣」,以下問題是有關你在透過朋友/家人分享或轉載的消費新聞的頻率，請根據你平常的使用行為作答，每行只需選擇一個答案。 - 分享,以下問題是有關你在透過朋友/家人分享或轉載的消費新聞的頻率，請根據你平常的使用行為作答，每行只需選擇一個答案。 - 留言,以下問題是有關你在透過朋友/家人分享或轉載的消費新聞的頻率，請根據你平常的使用行為作答，每行只需選擇一個答案。 - 分享時加入個人意見,你有多大程度相信由以下媒介發布的資訊？ - 報紙,你有多大程度相信由以下媒介發布的資訊？ - 電視,你有多大程度相信由以下媒介發布的資訊？ - 電台廣播,你有多大程度相信由以下媒介發布的資訊？ - 新聞網頁／應用程式,你有多大程度相信由以下媒介發布的資訊？ - 社交媒體,你有多大程度相信由以下專頁／對象發布的資訊？ - 傳統媒體專頁,你有多大程度相信由以下專頁／對象發布的資訊？ - 網絡媒體專頁,你有多大程度相信由以下專頁／對象發布的資訊？ - 政府官方專頁,你有多大程度相信由以下專頁／對象發布的資訊？ - 事實查核專頁,你有多大程度相信由以下專頁／對象發布的資訊？ - 朋友／家人,性別,年齡,學院 / 學系,修讀學年,修讀學位
Q1_1,獲取媒體訊息 - 我知道如何使用搜尋工具從新媒體獲得所需的資訊。,1,0.680809559,0.600151714,0.258826887,0.355382357,0.312931903,0.33891399,0.306188656,0.10862781,0.173417201,0.174621064,0.057612355,0.234408598,0.487495449,0.328845646,0.219596665,0.429002112,0.186412231,0.140178166,0.254532809,0.177221915,0.255388806,0.224332542,0.380901924,0.378925405,0.008683651,0.15941733,0.088389902,0.107108464,0.109277591,0.084990773,0.203950644,0.119985571,0.479065666,0.013896019,-0.216593253,-0.094313432,-0.034075811,0.170534822,0.241889692,0.16801224,-0.138245254,0.11744201,0.095861822,0.009151188,-0.190885429,-0.146440074,-0.210713364,-0.227750852,-0.119133379,-0.142145632,-0.21486117,-0.10242562,-0.096256693,-0.234612606,-0.084508282,-0.089638412,-0.101561546,0.050616143,-0.014768294,-0.265197418,-0.356753034,-0.356753034,-0.171042042,-0.059799729,-0.128353415,-0.11816717,0.065269965,0.030575428,0.247037008,0.117028425,-0.004283136,0.153962103,-0.030547372,0.005564272,0.233449079,0.204447654,0.125151732,-0.294104525,-0.124180171,0.052371082,-0.116615543
Q1_2,獲取媒體訊息 - 我能夠適應新媒體的轉變（例如使用社交媒體的新功能）。,0.680809559,1,0.672273566,0.358070873,0.16970198,0.299568827,0.206567163,0.22644971,0.078551148,0.139761193,0.271887728,-0.054790923,0.240610378,0.33084223,0.214641118,0.137675578,0.317723914,0.14026627,0.034690039,0.311842472,0.298354511,0.216545109,0.23061864,0.240474825,0.340795196,0.08148511,0.06075726,-0.023850304,0.02699819,0.082571613,0.067921391,0.19987671,0.156933758,0.454871801,-0.047306176,-0.128962546,-0.073549525,0.108587408,0.27295855,0.20156855,0.214155024,-0.175703482,0.055682972,-0.12317936,-0.139859894,-0.116383635,-0.102599566,-0.098318442,0.096180527,-0.301010888,-0.024487128,0.054033055,0.017896712,0.120385853,-0.310418618,-0.052551575,-0.036971571,-0.150695413,-0.105155562,-0.329865081,-0.408514337,-0.43178777,-0.43178777,-0.180347726,-0.014480624,-0.021817272,-0.087749566,0.033310034,-0.05063319,0.155229529,-0.02296806,-0.031616996,0.244107123,0.10737749,-0.096230522,0.292725542,0.065757095,0.221315829,-0.358424384,-0.029382972,0.008777537,0.194189887
Q1_3,獲取媒體訊息 - 我能夠利用不同的媒體接收資訊。,0.600151714,0.672273566,1,0.388643835,0.296056274,0.347595502,0.266926692,0.292904728,0.238932974,0.296563827,0.382938163,0.145953399,0.293828892,0.333534291,0.303622831,0.198874795,0.406907336,0.212639997,-0.028494615,0.361836849,0.239273293,0.233760866,0.170012036,0.272045443,0.289215691,0.070644522,0.052084957,0.139686975,0.10584775,0.210494011,0.259567617,0.379819023,0.307102145,0.391385847,-0.025090128,0.019284625,0.064448265,0.185906185,0.050221567,0.157244638,0.213138134,-0.040304356,0.064897375,0.013045984,0.057138922,-0.111849266,-0.093483948,0.004208121,-0.047418274,-0.207149286,-0.017095219,0.168198296,0.161631919,-0.00624756,-0.048235566,0.073263293,0.04712491,0.095212183,0.17083305,-0.123560413,-0.346687623,-0.426401433,-0.426401433,-0.09145013,0.108429033,-0.04824293,0.024926408,0.060192627,-0.049304419,0.247289879,-0.012835343,0.031994612,0.221369151,0.099967153,-0.129048091,0.220532699,0.108358765,0.09179183,-0.409883445,0.030389522,-0.082296063,0.188991169
Q1_4,獲取媒體訊息 - 我清楚知道媒體資訊的來源。,0.258826887,0.358070873,0.388643835,1,0.330669574,0.234377369,0.19183974,0.146061321,0.424873662,0.489787214,0.462515868,0.365221374,0.052105754,-0.046395685,0.090528067,0.021816763,0.11269044,0.280811347,0.171661597,0.138953136,0.105353465,0.27989175,0.323243319,0.040360846,-0.037549836,0.147880227,0.423023393,0.386705944,0.171179009,0.486691827,0.403940235,0.134882495,0.248271593,0.26279565,0.022572211,-0.129362966,-0.233716475,-0.063525961,-0.04334944,-0.027654856,0.075783014,0.031203627,0.084512543,-0.121925636,-0.066411477,-0.165131046,-0.183875882,-0.116845281,0.36845778,-0.203573215,-0.029029299,-0.102539861,-0.079945901,0.245401678,-0.067095502,-0.008138963,0.004580799,-0.008852747,-0.208892019,-0.42092706,-0.449921271,-0.484200125,-0.484200125,-0.150478289,-0.044349951,-0.122685862,-0.162317542,0.087567361,-0.081801904,0.154457222,0.145477924,0.174149072,0.189767741,0.277441119,-0.210960584,0.33343778,0.195671997,0.024561828,-0.113285472,0.005403559,0.046665001,-0.061220091
Q2_1,分析及理解媒體資訊 - 我會閱讀不同立場的資訊。,0.355382357,0.16970198,0.296056274,0.330669574,1,0.308383527,0.296402132,0.302329517,0.331046312,0.517105682,0.367023429,0.274631805,0.098266941,0.071561681,0.185397799,0.057777553,0.117480855,0.229072717,0.026836735,0.065642893,0.10413731,-0.047407954,-0.011386071,-0.055710583,0.046417101,0.146371078,0.075907585,0.370999676,0.097908142,0.161981697,0.093009001,0,0.111105499,0.149949987,0.03290927,0.076867,-0.096780914,-0.013790767,0.029158575,0.092496214,0.002989968,0.085597536,-0.105748199,-0.034435211,-0.045052813,-0.444397361,-0.22360252,-0.065767759,-0.010401254,0.176310906,-0.194934033,-0.27754561,-0.191051564,-0.086792607,0.143638957,-0.099759548,-0.188858119,-0.208049209,0.243917755,-0.34246119,-0.473049917,-0.636363636,-0.636363636,-0.08932832,-0.230422557,-0.135408239,-0.253719372,-0.09487688,-0.034321818,0.087651561,0.020633694,0.126869379,-0.219879365,-0.077557172,-0.080642834,0.298175498,0.238720502,-0.047332247,-0.128079049,-0.113217826,-0.057349357,-0.181252677
Q2_2,分析及理解媒體資訊 - 在理解資訊時，我不會只閱讀文章標題。,0.312931903,0.299568827,0.347595502,0.234377369,0.308383527,1,0.225161668,0.419354844,0.264039695,0.384817312,0.403347454,0.161145175,0.277269417,0.19705258,0.253311522,0.23250503,0.173089792,0.217094231,0.160226403,0.217593587,0.29047923,0.157060654,0.227691173,0.032219933,0.137001023,0.067508997,-0.007504405,0.095186604,0.173109328,-0.003489061,0.038634837,0.138251001,0.083426443,0.214517973,-0.022309638,0.022393398,-0.082715278,-0.044444883,0.019953358,-0.004629428,0.21195192,-0.051724699,-0.064684445,0.051792992,0.103317075,0.059206042,0.157179299,-0.177892017,-0.100914883,-0.013493413,0.206188245,-0.13581282,-0.044983629,-0.165353476,-0.010992872,0.187496951,0.166801805,-0.026314886,0.073263739,-0.393196065,-0.344424679,-0.364046866,-0.364046866,-0.179113833,-0.095501452,-0.26781797,-0.226956494,-0.024918186,-0.22845366,0.131988533,-0.031713452,-0.027593624,-0.090736209,-0.048730933,0.029189858,0.139478191,0.110388119,0.056965729,-0.080400332,0.038166732,-0.136817987,-0.141986466
Q2_3,分析及理解媒體資訊 - 我會留意媒體發放資訊背後的目的。,0.33891399,0.206567163,0.266926692,0.19183974,0.296402132,0.225161668,1,0.425049075,0.321744514,0.142958942,0.251258047,0.12440068,0.115768251,0.16469666,0.19200886,0.106688527,0.156340871,0.397491588,0.260799738,0.057868784,0.141076454,0.089474296,0.075692453,0.193016908,0.102460102,0.522469768,0.183635435,0.286903144,-0.125338407,0.172633575,0.114799559,0.241646492,0.28985891,0.128794553,0.015164576,0.246500726,0.060910594,0.022007235,0.136481528,0.095461914,0.240293115,0.032795319,-0.177113479,0.145593288,0.016342915,-0.248212986,-0.21897965,0.129552178,-0.1536663,0.28927395,0.013232723,-0.153959394,-0.100581462,-0.056098821,0.22468757,0.106032646,0.113580053,0.160990835,-0.018261477,-0.377742467,-0.47105572,-0.434524095,-0.434524095,0.129222675,0.002065669,0.060621139,-0.110681266,-0.205638951,-0.238025638,0.068415711,-0.070269069,0.133809617,-0.184964002,-0.223389134,-0.171888832,0.090339178,-0.07393051,0.093937404,-0.099875674,-0.150298639,-0.067347779,-0.170282157
Q2_4,分析及理解媒體資訊 - 我會反思自己在閱讀資料或參與討論時立場是否有偏頗。,0.306188656,0.22644971,0.292904728,0.146061321,0.302329517,0.419354844,0.425049075,1,0.239772366,0.279609009,0.307464852,0.187465866,0.364798844,0.275655575,0.216886612,0.17524577,0.180530672,0.273699991,0.235961669,0.1359195,0.400079858,0.162561528,0.266937337,0.206172324,0.111694846,0.401363185,0.024044241,-0.006518915,0.007379315,0.11838287,0.143922649,0.166109467,0.098871529,0.322704777,-0.190614565,0.159638387,-0.08338653,0.057607153,0.055828107,0.123810192,0.233407203,-0.053036453,-0.08077413,0.288745899,0.220434831,-0.066373506,-0.162970543,0.061585857,-0.05603767,0.209394283,-0.016595084,-0.131877986,-0.090187891,0.01503009,0.293129036,0.261968416,0.238715548,0.019736308,0.041859301,-0.527458136,-0.430530849,-0.430237205,-0.430237205,0.034948947,-0.026687986,0.008684807,-0.203733348,-0.065561774,-0.236044615,0.163754541,-0.009760984,0.040656598,0.1677027,-0.015780313,-0.057488386,0.020017007,0.135978781,0.089359535,-0.101258911,-0.173757785,0.028756529,-0.16633675
Q2_5,分析及理解媒體資訊 - 我能夠辨別媒體資訊是否準確。,0.10862781,0.078551148,0.238932974,0.424873662,0.331046312,0.264039695,0.321744514,0.239772366,1,0.514402097,0.560640016,0.556682634,0.101563107,-0.093668315,0.275719804,-0.020580058,0.188149415,0.35602361,0.015838073,0.274857674,0.401940801,0.298892333,0.310236937,0.063403859,-0.129399013,0.27381332,0.284801995,0.431435675,0.177807039,0.3938481,0.292466551,0.174893558,0.327825079,0.214746305,0.152611457,0.212785052,-0.06375435,0.114010667,-0.158748348,-0.108401664,0.144880068,0.062527571,0.029647467,-0.103075135,0.127605639,0.007364257,0.010704466,0.096280614,0.151173542,0.037050607,-0.267606386,-0.312051583,-0.321334424,0.189218716,0.148809805,-0.101967394,-0.194926866,0.009039678,0.243702407,-0.564757657,-0.449823451,-0.440086229,-0.440086229,0.042806683,-0.051599191,-0.103717825,-0.18621051,-0.02296097,-0.191302531,0.112722277,0.099246216,0.244092132,0.024739182,0.162608504,-0.209514417,0.00519284,0.034676458,0.116871007,0.015394831,-0.039301935,-0.074357237,-0.193776954
Q2_6,分析及理解媒體資訊 - 我能夠比較不同媒體的資訊。,0.173417201,0.139761193,0.296563827,0.489787214,0.517105682,0.384817312,0.142958942,0.279609009,0.514402097,1,0.658931029,0.406137485,0.225479647,0.105179362,0.281992757,0.115890588,0.195814229,0.255595728,0.027876258,0.228841724,0.263940057,0.143843592,0.140532521,0.117769918,0.095905806,0.0790591,0.264107913,0.373509147,0.045208263,0.29367287,0.155253434,-8.18E-18,0.082148349,0.187858642,0.009252717,-0.055448442,-0.060316759,-0.02777968,-0.205322405,0.002332794,0.211277187,0.138555943,-0.04809006,0.200089319,0.203107108,-0.084850632,0.09317258,-0.159617377,0.119358747,0.032720034,-0.045159815,-0.22444732,-0.144502101,0.061819544,0.065826559,0.052005097,-0.010976132,-0.007713535,0.105649458,-0.625606188,-0.510642921,-0.510294637,-0.510294637,-0.07658643,-0.09472009,-0.198901381,-0.219768408,-0.148976567,-0.276768864,-0.103414534,-0.002883289,0.084702048,-0.155190203,-0.02006963,-0.17419543,0.217743766,0.156485306,-0.066222196,-0.025668269,-0.015987802,-0.108011427,-0.184618566
Q2_7,分析及理解媒體資訊 - 我能以可信度、可靠性、公正性、普及程度等標準評估媒體資訊。,0.174621064,0.271887728,0.382938163,0.462515868,0.367023429,0.403347454,0.251258047,0.307464852,0.560640016,0.658931029,1,0.34798354,0.101425301,0.047183198,0.251525375,0.169596181,0.197173573,0.481669033,0.112742725,0.355396473,0.395175226,0.241726589,0.261938301,0.152584618,0.016231477,0.195074258,0.262361726,0.325948622,0.226129521,0.351726614,0.262938946,0.21969989,0.263818881,0.312259438,0.067623483,0.055060964,0.002947545,0.076021726,-0.030998666,0.061219755,0.23246763,0.128370948,-0.005023015,-0.01119378,0.255070946,-0.099808245,0.11578365,-0.049646754,0.149896027,-0.072383026,-0.119969172,-0.067950235,-0.15473102,0.096490128,-0.130660503,-0.05440289,0.145441294,0.061863731,0.061074595,-0.635036643,-0.662993544,-0.662541349,-0.662541349,-0.077853478,0.047899116,-0.087855889,-0.105292215,-0.073357246,-0.318646883,-0.02211341,-0.024661658,0.053171039,0.026080009,0.14045051,-0.285254616,0.167161171,0.089300771,-0.03108652,-0.1629395,-0.0115899,-0.138853883,-0.02418846
Q2_8,分析及理解媒體資訊 - 我會主動查證媒體發放的資訊。,0.057612355,-0.054790923,0.145953399,0.365221374,0.274631805,0.161145175,0.12440068,0.187465866,0.556682634,0.406137485,0.34798354,1,0.189149417,0.085862112,0.255986351,0.104095197,0.201805456,0.148002678,0.022834759,0.24392491,0.16285117,0.232673509,0.292251829,0.044531873,0.042282203,0.156513715,0.238168297,0.489904001,0.161712568,0.232417204,0.304087438,0.143644632,0.199636238,0.134094637,0.150318858,0.0300641,-0.235822774,-0.1421333,-0.131666498,-0.143451224,0.10295314,-0.054271793,0.020963767,-0.037514371,-0.005772906,-0.07204469,0.030388088,-0.135527387,0.209553931,-0.126583853,-0.222961963,-0.217821281,-0.40621036,0.20120987,-0.011683545,-0.221887107,-0.268106013,-0.317294731,0.158288077,-0.256920382,-0.247155766,-0.379980298,-0.379980298,0.011504909,-0.248817014,0.023215192,-0.240394018,-0.026603133,-0.019949866,0.085720688,0.072149997,0.0291129,-0.052830603,0.045199127,-0.188332663,0.173064267,0.017488803,-0.040875564,-0.064382413,0.130107114,-0.004617829,-0.087567916
Q3_1,意識及評估媒體的影響力 - 我明白資訊或會有誇大成分。,0.234408598,0.240610378,0.293828892,0.052105754,0.098266941,0.277269417,0.115768251,0.364798844,0.101563107,0.225479647,0.101425301,0.189149417,1,0.515362349,0.341973835,0.218496387,0.359073268,0.106748053,0.153603989,0.239554839,0.12361936,0.235406629,0.166997479,0.297535083,0.339100705,0.15586924,0.018220305,0.015620827,-0.145540938,0.112407098,0.034519644,0.230770551,1.42E-17,0.194255825,-0.197858709,0.152887284,0.104909408,0.151120423,0.031098901,0.148735151,0.257639972,-0.029878644,0.031923218,0.114006472,-0.042939634,0.004442865,-0.226837846,-0.151483811,0.032218512,0.073351874,0.001615245,-0.110165707,-0.15838664,-0.012408247,0.241854356,0.187351397,-0.172277565,-0.04279162,0.17907006,-0.067676825,-0.151910905,-0.233549683,-0.233549683,0.035474342,-0.056502813,-0.145677961,-0.144710461,0.050072837,-0.082181175,0.029110565,-0.023807764,-0.05988503,0.118691599,0.01355875,-0.002469757,-0.022648887,-0.061253613,0.24090229,-0.121388661,0.021454772,-0.039695421,-0.125457401
Q3_2,意識及評估媒體的影響力 - 我明白新聞報道可能只是事實的一部分。,0.487495449,0.33084223,0.333534291,-0.046395685,0.071561681,0.19705258,0.16469666,0.275655575,-0.093668315,0.105179362,0.047183198,0.085862112,0.515362349,1,0.334816248,0.268822858,0.48084165,0.072689424,0.17273358,0.150836192,0.11113554,0.21790555,0.067063356,0.31752033,0.458549635,0.190685439,0.142179653,0.049115195,-0.103108406,0.05666084,0.040990982,0.140321016,-0.003104057,0.371143962,-0.07128565,0.034230063,0.180076628,0.135874972,0.088483129,0.187043717,0.244709552,-0.009631648,0.025728352,-0.031285461,-0.058327933,-0.005364495,0.00877238,0.140018984,-0.089773696,-0.155970674,-0.189193834,0.068273643,-0.217044767,0.014982219,-0.196635745,0.013001274,-0.007317421,-0.101561546,0.170697185,-0.087370406,-0.196116135,-0.301511345,-0.301511345,-0.115649521,-0.084957918,-0.145203947,-0.196570424,-0.047542133,-0.042951027,0.059252886,0.071319037,-0.044594833,0.162376832,-0.010096851,-0.112418891,0.120170541,-0.001689407,0.122743091,-0.249809174,0.092837666,-0.041599915,0.065738278
Q3_3,意識及評估媒體的影響力 - 我能夠分析媒體內容對個人的影響。,0.328845646,0.214641118,0.303622831,0.090528067,0.185397799,0.253311522,0.19200886,0.216886612,0.275719804,0.281992757,0.251525375,0.255986351,0.341973835,0.334816248,1,0.400166331,0.466016769,0.209937231,0.201024442,0.411396939,0.242618432,0.382385472,0.305262245,0.26824304,0.303554524,0.068502767,0.172959328,0.270752178,-0.200020996,0.217478257,0.136097406,0.125777713,0.120234063,0.354362316,0.075173395,0.061839719,0.182138451,0.161240414,-0.144476468,0.074469647,0.2000876,-0.209790332,0.136652779,-0.085864339,-0.0352918,0.040897487,-0.117408565,-0.266386056,-0.052471498,-0.060378155,0.056352786,-0.068420873,-0.092126827,-0.01713307,-0.113177411,0.128623939,-0.032174473,0.019784434,0.247256511,-0.191987822,-0.265197418,-0.356753034,-0.356753034,0.026776987,0.080471399,-0.055799817,-0.080626474,-0.125336969,-0.166640359,-0.023462667,0.151101729,0.192612441,-0.112383295,-0.050792781,-0.02607387,0.041651465,-0.08421396,0.018214296,0.023215186,0.044318807,-0.091607417,-0.168046152
Q3_4,意識及評估媒體的影響力 - 我能夠通過社交媒體影響他人的意見。,0.219596665,0.137675578,0.198874795,0.021816763,0.057777553,0.23250503,0.106688527,0.17524577,-0.020580058,0.115890588,0.169596181,0.104095197,0.218496387,0.268822858,0.400166331,1,0.267480477,0.3097268,0.077112793,0.226805964,0.03807207,0.100524159,0.147103779,0.093665653,0.223860174,0.005330721,0.183135676,0.113981653,0.004842018,0.055058484,0.029463601,0.171328016,0.004230027,0.226107116,0.116260413,0.09834389,-0.036586962,0.088465697,-0.074596644,0.174144119,0.095062384,-0.233009303,0.091384775,-0.020744588,-0.093839145,0.048274377,0.211433904,-0.234198572,-0.107714874,-0.028279296,-0.038896326,0.033439578,-0.109424651,-0.195138549,-0.20925386,-0.053221245,-0.111258318,-0.015036033,0.067371985,0.159406512,-0.079513802,-0.061122746,-0.061122746,0.081958815,0.028654446,0.004472986,-0.054444786,0.039101905,-0.044275085,0.076583118,0.182083981,0.110848596,0.012358178,0.090351234,0.081645515,0.212238339,0.079603526,-0.171527807,0.014885531,0.055880418,0.019261252,-0.04870016
Q3_5,意識及評估媒體的影響力 - 我知道傳播假新聞可能造成的影響。,0.429002112,0.317723914,0.406907336,0.11269044,0.117480855,0.173089792,0.156340871,0.180530672,0.188149415,0.195814229,0.197173573,0.201805456,0.359073268,0.48084165,0.466016769,0.267480477,1,0.103366409,0.05749424,0.394630559,0.231983399,0.118673035,0.110096078,0.465766138,0.345292434,0.056030677,0.180461342,0.100057882,-0.066361747,0.157407416,0.135024402,0.253960643,0.047350231,0.487550353,-0.10100556,0.072556089,0.064232116,0.038083797,0.076638581,0.143787005,0.098168861,-0.097060947,0.173858915,0.107832773,-0.015955641,-0.055956599,0.083989143,0.186498856,-0.059713862,-0.087209147,-0.132940519,0.174781868,-0.231961367,0.040768246,-0.143158158,-0.008751751,0.103439491,-0.083077316,0.201277086,-0.339670762,-0.331496772,-0.254823596,-0.254823596,-0.05050659,0.02685421,0.05996336,-0.09175492,-0.068697912,-0.015446993,0.022365572,-0.011085723,0.026778023,0.055266938,0.034723842,-0.137569298,0.06742919,0.081339986,0.109643732,-0.270837338,0.096659976,-0.163776017,0.059889246
Q3_6,意識及評估媒體的影響力 - 我能夠保障自己免受閱讀新媒體資訊潛在的風險和後果影響。,0.186412231,0.14026627,0.212639997,0.280811347,0.229072717,0.217094231,0.397491588,0.273699991,0.35602361,0.255595728,0.481669033,0.148002678,0.106748053,0.072689424,0.209937231,0.3097268,0.103366409,1,0.334825584,0.075616681,0.108752016,0.17955817,0.163667061,0.142080274,-0.028640043,0.407302043,0.273010497,0.338541738,0.110242581,0.17930278,0.190386335,0.128597117,0.442926501,0.132665142,0.190608991,0.091282994,0.084953373,0.124183787,-0.076386947,0.128896977,0.235332034,0.11774467,0.029316499,-0.163255237,0.268891458,-0.01837941,0.025688237,-0.091090667,-0.039432765,-0.006921606,-0.143003265,-0.199239577,-0.133653353,-0.015794123,-0.025742024,0.036968577,-0.006620339,0.154861073,0.023992995,-0.184402179,-0.384353057,-0.363636364,-0.363636364,-0.000903087,0.135699826,-0.058491201,-0.029689817,0.123920689,-0.173809503,0.113382864,0.066036978,0.151888409,0.022151342,0.180800308,-0.13745416,0.061234521,-0.061272182,0.041526584,0.034302858,-0.207765933,-0.127618135,-0.165302128
Q4_1,應用及製造媒體資訊 - 我不會以「手動轉」的方式轉發消息。,0.140178166,0.034690039,-0.028494615,0.171661597,0.026836735,0.160226403,0.260799738,0.235961669,0.015838073,0.027876258,0.112742725,0.022834759,0.153603989,0.17273358,0.201024442,0.077112793,0.05749424,0.334825584,1,-0.134513263,0.019751523,0.119838648,0.155124755,0.000713336,-0.074484112,0.243722967,0.116633342,0.209815098,0.069414127,0.24680208,0.270207924,0.134293434,0.270008641,0.149365223,-0.091901105,-0.08828023,0.088931938,2.48E-17,-0.079226158,0.018187383,0.003217189,-0.056927654,-0.041969679,0.108939447,0.125620088,-0.039721344,-0.34291553,-0.109053863,-0.114980037,0.201384096,0.418403629,0.071329795,0.08325872,-0.143916553,0.182479349,0.488905865,0.326761601,0.274955843,0.063765607,-0.026343168,-0.118262479,-0.090909091,-0.090909091,-0.043202012,0.211750822,-0.12332104,0.057971691,-0.034671052,-0.026102414,0.134376769,0.082423951,-0.046072373,0.112068451,-0.072217279,0.098330175,-0.07253096,-0.099486719,0.133596616,0.043894386,-0.200995287,0.036419563,-0.133769573
Q4_2,應用及製造媒體資訊 - 我會與其他人討論某則新聞或消息。,0.254532809,0.311842472,0.361836849,0.138953136,0.065642893,0.217593587,0.057868784,0.1359195,0.274857674,0.228841724,0.355396473,0.24392491,0.239554839,0.150836192,0.411396939,0.226805964,0.394630559,0.075616681,-0.134513263,1,0.526090756,0.295838336,0.252974761,0.282487099,0.211763031,-0.111775884,-0.015457767,0.135922237,0.045004621,0.168614757,0.10663859,0.160184805,0.032884122,0.307602361,-0.066377955,0.017074194,-0.190476734,-0.065721583,0.156103323,0.096529092,0.144868126,-0.284748834,0.214322238,0.171125923,-0.160943859,-0.202988115,0.139495011,0.003780718,-0.042602182,0.002279761,-0.083710981,-0.124117353,-0.147189498,0.089808309,-0.059100377,-0.067801579,-0.186712973,-0.016281971,0.153482193,0.247120825,0.277350098,0.213200716,0.213200716,0.146992759,0.097416312,0.046881292,0.110250971,-0.080606327,-0.349631921,-0.164426839,0.051039272,0.069529572,-0.069580683,0.137852368,-0.351018502,0.011513608,0.025307959,-0.017345726,-0.17526411,0.100089628,-0.092827971,0.003296437
Q4_3,應用及製造媒體資訊 - 我能夠綜合媒體資訊與我自己的意見。,0.177221915,0.298354511,0.239273293,0.105353465,0.10413731,0.29047923,0.141076454,0.400079858,0.401940801,0.263940057,0.395175226,0.16285117,0.12361936,0.11113554,0.242618432,0.03807207,0.231983399,0.108752016,0.019751523,0.526090756,1,0.277675332,0.268327183,0.107916748,-0.047313818,0.111731947,-0.110280212,-0.02868722,-0.160995411,0.077567062,0.015518618,0.126978341,0.002062608,0.261634351,-0.063748417,0.183779723,-0.104159652,-0.138953681,0.144476468,0.078159584,0.102298642,-0.107148773,0.013623993,0.070193157,-0.045699446,0.080239794,0.129026569,0.311321309,-0.140993589,0.108453781,0.00928599,-0.195589932,-0.068810382,-0.12885609,0.05935306,-0.002484704,-0.061531782,-0.01375875,0.051064292,-0.123560413,0,0,0,0.096101971,0.141516873,-0.034432526,-0.04126618,-0.240442349,-0.347402783,-0.156968547,-0.016952877,0.249263158,0.112383295,0.083115459,-0.299218683,0.063634183,0.049060427,0.093118363,-0.146203437,-0.151579283,-0.079241898,-0.011925908
Q4_4,應用及製造媒體資訊 - 我可以根據個人興趣和喜好評論或為媒體內容評分。,0.255388806,0.216545109,0.233760866,0.27989175,-0.047407954,0.157060654,0.089474296,0.162561528,0.298892333,0.143843592,0.241726589,0.232673509,0.235406629,0.21790555,0.382385472,0.100524159,0.118673035,0.17955817,0.119838648,0.295838336,0.277675332,1,0.359588459,0.183201184,0.087857353,0.078782525,0.163148964,0.113332685,0.081602765,0.185841521,0.089705366,0.075140896,0.137319583,0.224180486,0.080163203,-0.179231773,-0.274806844,-0.006711829,-0.033927247,0.057249567,0.104522676,0.024819593,0.090537966,-0.130614628,0.072318865,0.137268224,0.087950293,0.041621488,-0.03224077,-0.250734348,-0.211930216,0.083148476,-0.174273573,0.045398995,-0.165152384,-0.157377895,0.070122637,0.127088092,0.191572287,0.021190436,0.095130299,0.073127242,0.073127242,-0.080759883,0.022536727,-0.1629614,-0.049540412,0.015833238,-0.077197457,-0.011688737,0.088642717,0.258489971,0.174114623,0.032665392,-0.072330586,-0.00383661,0.055680584,0.075594725,-0.086245534,0.065149481,-0.107228249,-0.179206227
Q4_5,應用及製造媒體資訊 - 我能夠創作反映我的想法的內容。,0.224332542,0.23061864,0.170012036,0.323243319,-0.011386071,0.227691173,0.075692453,0.266937337,0.310236937,0.140532521,0.261938301,0.292251829,0.166997479,0.067063356,0.305262245,0.147103779,0.110096078,0.163667061,0.155124755,0.252974761,0.268327183,0.359588459,1,-0.018487688,0.088212788,0.030364546,0.254864658,0.257330956,0.207814883,0.159195244,0.207985753,6.06E-18,0.045724129,0.090224564,0.018109925,0.009703806,0.010109645,-0.042963387,-0.006629744,0.149262316,0.029645691,-0.109419929,0.075736868,-0.018964615,-0.105612465,0.11233659,0.035450932,-0.237738133,0.029683093,-0.234777907,-0.020245742,-0.115252473,-0.191959053,0.037153305,-0.285273388,-0.021230992,-0.06273382,-0.075576901,-0.056439922,-0.5548766,-0.566138517,-0.522232968,-0.522232968,-0.250676365,0.00638427,-0.177600733,-0.212848277,0.126463285,-0.122435463,0.112646596,0.19731185,0.063387208,0.37590262,0.303388025,0.013678912,0.028412699,-0.049506427,0.029023999,-0.042890116,0.001372033,0.068857409,-0.054405971
Q5_1,假消息是指一些失實或錯誤訊息。以下問題關於你對假消息的認知和看法，每行只需選擇一個答案。 - 我留意到網上有假消息的流傳。,0.380901924,0.240474825,0.272045443,0.040360846,-0.055710583,0.032219933,0.193016908,0.206172324,0.063403859,0.117769918,0.152584618,0.044531873,0.297535083,0.31752033,0.26824304,0.093665653,0.465766138,0.142080274,0.000713336,0.282487099,0.107916748,0.183201184,-0.018487688,1,0.425461271,0.090109487,-0.08870025,-0.026215098,-0.108645203,0.175181289,0.0296318,0.29504465,0.114167063,0.416865597,0.066737505,0.143836793,-0.058459644,0.141352897,0.072782963,0.168240919,0.167614274,-0.084287158,0.20662204,0.259611477,0.204575867,-0.069878809,0.074299329,0.199613852,-0.040423952,0.069106939,-0.057562597,-0.053886025,-0.012854819,0.072281812,0.138206815,0.156556073,0.070490738,0.25388092,0.076862769,0.087370406,0.196116135,0.301511345,0.301511345,0.214914789,0.202455888,0.151498326,0.220728302,0.075942574,0.033215401,0.035039928,-0.01680344,0.052860621,0.113319668,-0.063649768,-0.016499079,0.053365577,0.112643066,0.150535894,-0.140246814,0.022365153,-0.180390064,-0.126693979
Q5_2,假消息是指一些失實或錯誤訊息。以下問題關於你對假消息的認知和看法，每行只需選擇一個答案。 - 我認為無論教育水平高低的人都有機會相信假消息。,0.378925405,0.340795196,0.289215691,-0.037549836,0.046417101,0.137001023,0.102460102,0.111694846,-0.129399013,0.095905806,0.016231477,0.042282203,0.339100705,0.458549635,0.303554524,0.223860174,0.345292434,-0.028640043,-0.074484112,0.211763031,-0.047313818,0.087857353,0.088212788,0.425461271,1,-0.038762755,-0.023839847,-0.017294228,0.019576809,-0.172228028,-0.055966888,-0.036599425,0.001792432,0.198071433,0.0944971,-0.151625698,-0.044321702,0.134230582,0.13489202,0.253407693,0.148005238,-0.127055524,-0.046360159,0.102405708,-0.180013092,0.077261499,0.00382858,-0.079276923,-0.005877068,-0.156515371,0.038588247,0.290596034,0.145636811,0.034328577,-0.204984684,0.028486369,0.087035175,-0.023339059,0.011174754,-0.237088516,-0.236524958,-0.272727273,-0.272727273,0.035331512,0.063202287,0.081147327,-0.085790366,-0.002176024,0.029269871,-0.105421892,-0.027903334,0.028915931,0.044285865,0.04713799,0.041500402,0.164124771,-0.017417426,0.044807545,-0.262020338,-0.057353197,0.061036479,0.192905828
Q5_3,假消息是指一些失實或錯誤訊息。以下問題關於你對假消息的認知和看法，每行只需選擇一個答案。 - 我不會輕易相信任何消息。,0.008683651,0.08148511,0.070644522,0.147880227,0.146371078,0.067508997,0.522469768,0.401363185,0.27381332,0.0790591,0.195074258,0.156513715,0.15586924,0.190685439,0.068502767,0.005330721,0.056030677,0.407302043,0.243722967,-0.111775884,0.111731947,0.078782525,0.030364546,0.090109487,-0.038762755,1,0.20408019,0.222142324,-0.11287113,0.059096515,0.101405986,0.212240982,0.429971969,0.068465932,0.010329196,0.203864794,-0.020706857,0.060244768,0.075491345,0.123384524,0.172241024,0.076376654,-0.211478781,-0.142346002,0.035384906,-0.162719764,-0.156106254,0.422420006,-0.130707891,0.125064352,-0.222417692,-0.1741143,-0.292954384,-0.086345798,0.221019984,0.042952368,-0.156036042,-0.098071867,0.248530137,-0.247120825,-0.416025147,-0.426401433,-0.426401433,0.123168563,0.011713661,0.234186858,-0.129710898,-0.205638951,-0.026670563,-0.035500936,-0.083903365,0.112851484,0.140738216,-0.029566209,-0.080484066,-0.013993312,-0.045347711,0.257441773,-0.127147851,-0.056207267,-0.088601056,0.103765124
Q5_4,假消息是指一些失實或錯誤訊息。以下問題關於你對假消息的認知和看法，每行只需選擇一個答案。 - 我清楚發放假消息的人的目的。,0.15941733,0.06075726,0.052084957,0.423023393,0.075907585,-0.007504405,0.183635435,0.024044241,0.284801995,0.264107913,0.262361726,0.238168297,0.018220305,0.142179653,0.172959328,0.183135676,0.180461342,0.273010497,0.116633342,-0.015457767,-0.110280212,0.163148964,0.254864658,-0.08870025,-0.023839847,0.20408019,1,0.395565481,0.113614359,0.393815367,0.32078248,0.105272271,0.189576757,0.124833784,0.177428577,-0.235206668,-0.139144245,-0.069745915,-0.105403582,-0.040299209,0.039652707,0.021151367,-0.015499251,-0.185116594,-0.061120547,-0.062958955,-0.01858904,-0.149895172,0.140480651,-0.256544199,-0.201827752,0.051491515,-0.250138659,0.175834793,-0.366041032,-0.160977525,-0.129039097,-0.206448329,-0.077907732,-0.420105403,-0.471495167,-0.426401433,-0.426401433,-0.331781892,-0.162404125,-0.173185685,-0.156835255,-0.006401947,-0.08723772,-0.001033851,0.133746538,-0.117682661,0.117836488,0.20513352,-0.127621698,0.042892871,0.0021754,-0.117114748,-0.087492587,0.212817352,0.040982008,0.054798472
Q5_5,假消息是指一些失實或錯誤訊息。以下問題關於你對假消息的認知和看法，每行只需選擇一個答案。 - 我會主動查證消息是否假新聞。,0.088389902,-0.023850304,0.139686975,0.386705944,0.370999676,0.095186604,0.286903144,-0.006518915,0.431435675,0.373509147,0.325948622,0.489904001,0.015620827,0.049115195,0.270752178,0.113981653,0.100057882,0.338541738,0.209815098,0.135922237,-0.02868722,0.113332685,0.257330956,-0.026215098,-0.017294228,0.222142324,0.395565481,1,0.290452251,0.33805231,0.34991069,0.135958272,0.403715022,-0.011662854,0.243773988,-0.120924349,-0.127749151,-0.228150401,-0.19102489,-0.027041838,-0.063578638,0.077246379,-0.104298897,-0.127616043,-0.107082791,-0.318538781,0.02466077,-0.1784638,0.080346475,-0.20694788,-0.233483701,-0.180452782,-0.30964689,0.034811624,-0.23164442,-0.31372549,-0.33383153,-0.176436126,0.096951532,-0.091230878,-0.315048541,-0.460141506,-0.460141506,-0.001769317,-0.276496019,0.040839813,-0.209523335,-0.027601851,-0.069430655,-0.022863973,0.25428532,0.105001242,-0.064921468,0.096722923,-0.198873192,0.186721751,-0.090236364,-0.013072454,0.014226165,-0.001782983,-0.08348946,-0.07448919
Q6,你一星期內通常接觸多少次假消息？,0.107108464,0.02699819,0.10584775,0.171179009,0.097908142,0.173109328,-0.125338407,0.007379315,0.177807039,0.045208263,0.226129521,0.161712568,-0.145540938,-0.103108406,-0.200020996,0.004842018,-0.066361747,0.110242581,0.069414127,0.045004621,-0.160995411,0.081602765,0.207814883,-0.108645203,0.019576809,-0.11287113,0.113614359,0.290452251,1,0.021750773,0.250758413,0.061561097,0.154822251,-0.005047891,-0.016556912,-0.031702209,-0.150251032,0.15859382,0.024058499,0.016827701,-0.147642963,0.164438673,-0.010355211,0.124433576,0.098964523,-0.018336084,0.374956272,-0.127781094,0.040913402,-0.192193435,-0.054340115,0.231793905,0.018259828,-0.02793267,-0.136625697,-0.175400374,0.030637066,0.057414296,-0.017680322,0.284366449,0.357450045,0.274774035,0.274774035,-0.019698214,-0.140795134,-0.003668245,-0.046435537,0.194307427,0.14683812,0.137592762,0.033277949,-0.090939772,0.133645216,0.16214584,0.159279257,-0.079804788,0.133713469,-0.123816122,-0.079197809,0.012263594,0.12089509,0.078154569
Q7_1,內容農場是指一些沒有原創內容的抄襲網站。以下問題關於你對內容農場的認知和看法，每行只需選擇一個答案。 - 我清楚了解內容農場背後的經營模式。,0.109277591,0.082571613,0.210494011,0.486691827,0.161981697,-0.003489061,0.172633575,0.11838287,0.3938481,0.29367287,0.351726614,0.232417204,0.112407098,0.05666084,0.217478257,0.055058484,0.157407416,0.17930278,0.24680208,0.168614757,0.077567062,0.185841521,0.159195244,0.175181289,-0.172228028,0.059096515,0.393815367,0.33805231,0.021750773,1,0.648594193,0.420266194,0.310135293,0.307498315,0.106685368,-0.041041416,-0.007559911,-0.085945904,-0.184223234,-0.063875638,0.088800042,-0.092295881,0.16809316,0.139920084,0.057163616,-0.080681042,-0.37960251,-0.083874952,0.220292573,-0.00219811,0.047725857,-0.154467453,0.038593841,0.17492715,0.105268762,0.217386672,-0.088572615,0.159304682,0.040535606,-0.099068728,-0.148249863,-0.113960576,-0.113960576,-0.165797504,-0.004585234,-0.253706853,-0.055961099,-0.036959297,-0.198750998,0.16251539,0.245524244,0.126290804,0.185202085,0.176328936,-0.200741931,0.065227659,0.064389149,0.016998941,-0.006720824,0.03207692,-0.041486991,-0.162092807
Q7_2,內容農場是指一些沒有原創內容的抄襲網站。以下問題關於你對內容農場的認知和看法，每行只需選擇一個答案。 - 我知道哪些網站是內容農場，並會避免瀏覽這些來源發佈的內容。,0.084990773,0.067921391,0.259567617,0.403940235,0.093009001,0.038634837,0.114799559,0.143922649,0.292466551,0.155253434,0.262938946,0.304087438,0.034519644,0.040990982,0.136097406,0.029463601,0.135024402,0.190386335,0.270207924,0.10663859,0.015518618,0.089705366,0.207985753,0.0296318,-0.055966888,0.101405986,0.32078248,0.34991069,0.250758413,0.648594193,1,0.394826592,0.387306911,0.276673865,0.142955464,-0.09479578,-0.063221616,0.054875384,-0.153551025,-0.005946085,0.188905126,-0.039220585,0.178072511,0.091186226,0.072522238,-0.117267265,-0.359112197,-0.093639323,0.238491342,0.129808766,0.307227367,0.10803958,0.279535058,0.153520148,0.117343738,0.24856615,0.012718077,0.11619005,-0.057007829,0.183514558,-9.15E-18,-0.126660099,-0.126660099,-0.113919911,0.046312021,-0.084944862,0.09946777,0.080101846,-0.067663413,0.174753391,0.121289811,0.014727928,0.317357548,0.332853159,-0.135423443,0.152616959,-0.076920314,0.100455334,-0.105555069,-0.001258707,0.072194309,0.049912221
Q7_3,內容農場是指一些沒有原創內容的抄襲網站。以下問題關於你對內容農場的認知和看法，每行只需選擇一個答案。 - 我認為內容農場助長了假消息的傳播。,0.203950644,0.19987671,0.379819023,0.134882495,0,0.138251001,0.241646492,0.166109467,0.174893558,-8.18E-18,0.21969989,0.143644632,0.230770551,0.140321016,0.125777713,0.171328016,0.253960643,0.128597117,0.134293434,0.160184805,0.126978341,0.075140896,6.06E-18,0.29504465,-0.036599425,0.212240982,0.105272271,0.135958272,0.061561097,0.420266194,0.394826592,1,0.481564519,0.377305818,0.051073502,0.187126799,0.024174621,0.209954316,0.174467028,-0.017449821,0.165681797,-0.086267117,0.056011955,0.161529839,0.223422481,0.124939372,-0.060171381,0.090614206,-0.078931088,0.041045937,0,4.67E-17,-2.84E-17,-0.063060845,0.188223934,0.080547435,-0.090667963,0.063717393,0.204365442,0.445503403,0.153846154,0.118262479,0.118262479,0.01682676,-0.023117043,0.109977483,0.07612485,-0.025173528,-0.064978689,0.139380888,-0.019689383,0.003185872,0.156926458,0.042197392,-0.173238481,0.045749174,-0.070876303,-0.006640315,-0.055031719,0.129731742,-0.014146165,-0.00279431
Q7_4,內容農場是指一些沒有原創內容的抄襲網站。以下問題關於你對內容農場的認知和看法，每行只需選擇一個答案。 - 我不會輕易相信農場資訊的內容。,0.119985571,0.156933758,0.307102145,0.248271593,0.111105499,0.083426443,0.28985891,0.098871529,0.327825079,0.082148349,0.263818881,0.199636238,1.42E-17,-0.003104057,0.120234063,0.004230027,0.047350231,0.442926501,0.270008641,0.032884122,0.002062608,0.137319583,0.045724129,0.114167063,0.001792432,0.429971969,0.189576757,0.403715022,0.154822251,0.310135293,0.387306911,0.481564519,1,0.217906497,0.161442815,0.048351374,-0.128569945,0.079029585,0.047666127,0.052891809,0.030837273,0.036267488,0.064207522,-0.182635049,0.092653283,0.180548044,-0.191603904,0.058610313,0.02139068,0.019266185,-0.032808756,-0.027030778,0.131311783,0.026773978,0.120121025,0.135405342,-0.155593979,0.158437942,0.132185923,0.395147527,0.118262479,0.090909091,0.090909091,0.183707999,0.121919323,0.170881513,0.102713805,0.082244314,-0.049244678,0.079309711,0.103798924,0.080580652,0.189586505,0.216300657,-0.100933943,0.137647233,-0.152453182,0.079219432,-0.046420345,-0.083585964,-0.052352358,0.001401666
Q7_5,內容農場是指一些沒有原創內容的抄襲網站。以下問題關於你對內容農場的認知和看法，每行只需選擇一個答案。 - 我認為內容農場對新聞媒體帶來負面影響。,0.479065666,0.454871801,0.391385847,0.26279565,0.149949987,0.214517973,0.128794553,0.322704777,0.214746305,0.187858642,0.312259438,0.134094637,0.194255825,0.371143962,0.354362316,0.226107116,0.487550353,0.132665142,0.149365223,0.307602361,0.261634351,0.224180486,0.090224564,0.416865597,0.198071433,0.068465932,0.124833784,-0.011662854,-0.005047891,0.307498315,0.276673865,0.377305818,0.217906497,1,-0.046389365,-0.097227216,-0.10129352,0.165402791,0.162888664,0.223747553,0.208342137,-0.21902547,0.316609856,0.007429385,0.129717436,0.116775193,-0.013887897,0.083874952,0.142124241,-0.075248905,0.039573513,-0.034021762,0.072798828,0.077086541,-0.128121146,0.108188835,0.028217877,-0.04279162,0.265733416,0.011374658,-0.102128584,-0.196267168,-0.196267168,0.079338683,0.134500193,0.182220392,0.125571246,0.080110712,-0.063246172,0.110210001,0.106688458,0.007672399,0.293677966,0.222787037,-0.114090003,0.208844276,0.041854612,0.118735682,-0.257643841,0.111436887,-0.07557593,0.01706127
